0 0 0
1 50 0
2 100 0
3 150 0
4 200 0
5 250 0
6 300 0
7 350 0
8 400 0
9 450 0
10 500 0
11 550 0
12 600 0
13 650 0
14 700 0
15 750 0
16 800 0
17 850 0
18 900 0
19 950 0
20 1000 0
21 1050 0
22 1100 0
23 1150 0
24 1200 0
25 1250 0
26 1300 0
27 1350 0
28 1400 0
29 1450 0
30 1500 0
31 1550 0
32 1600 0
33 1650 0
34 1700 0
35 1750 0
36 1800 0
37 1850 0
38 1900 0
39 1950 0
40 2000 0
41 2050 0
42 2100 0
43 2150 0
44 2200 0
45 2250 0
46 2300 0
47 2350 0
48 2400 0
49 2450 0
50 0 50
51 50 50
52 100 50
53 150 50
54 200 50
55 250 50
56 300 50
57 350 50
58 400 50
59 450 50
60 500 50
61 550 50
62 600 50
63 650 50
64 700 50
65 750 50
66 800 50
67 850 50
68 900 50
69 950 50
70 1000 50
71 1050 50
72 1100 50
73 1150 50
74 1200 50
75 1250 50
76 1300 50
77 1350 50
78 1400 50
79 1450 50
80 1500 50
81 1550 50
82 1600 50
83 1650 50
84 1700 50
85 1750 50
86 1800 50
87 1850 50
88 1900 50
89 1950 50
90 2000 50
91 2050 50
92 2100 50
93 2150 50
94 2200 50
95 2250 50
96 2300 50
97 2350 50
98 2400 50
99 2450 50
100 0 100
101 50 100
102 100 100
103 150 100
104 200 100
105 250 100
106 300 100
107 350 100
108 400 100
109 450 100
110 500 100
111 550 100
112 600 100
113 650 100
114 700 100
115 750 100
116 800 100
117 850 100
118 900 100
119 950 100
120 1000 100
121 1050 100
122 1100 100
123 1150 100
124 1200 100
125 1250 100
126 1300 100
127 1350 100
128 1400 100
129 1450 100
130 1500 100
131 1550 100
132 1600 100
133 1650 100
134 1700 100
135 1750 100
136 1800 100
137 1850 100
138 1900 100
139 1950 100
140 2000 100
141 2050 100
142 2100 100
143 2150 100
144 2200 100
145 2250 100
146 2300 100
147 2350 100
148 2400 100
149 2450 100
150 0 150
151 50 150
152 100 150
153 150 150
154 200 150
155 250 150
156 300 150
157 350 150
158 400 150
159 450 150
160 500 150
161 550 150
162 600 150
163 650 150
164 700 150
165 750 150
166 800 150
167 850 150
168 900 150
169 950 150
170 1000 150
171 1050 150
172 1100 150
173 1150 150
174 1200 150
175 1250 150
176 1300 150
177 1350 150
178 1400 150
179 1450 150
180 1500 150
181 1550 150
182 1600 150
183 1650 150
184 1700 150
185 1750 150
186 1800 150
187 1850 150
188 1900 150
189 1950 150
190 2000 150
191 2050 150
192 2100 150
193 2150 150
194 2200 150
195 2250 150
196 2300 150
197 2350 150
198 2400 150
199 2450 150
200 0 200
201 50 200
202 100 200
203 150 200
204 200 200
205 250 200
206 300 200
207 350 200
208 400 200
209 450 200
210 500 200
211 550 200
212 600 200
213 650 200
214 700 200
215 750 200
216 800 200
217 850 200
218 900 200
219 950 200
220 1000 200
221 1050 200
222 1100 200
223 1150 200
224 1200 200
225 1250 200
226 1300 200
227 1350 200
228 1400 200
229 1450 200
230 1500 200
231 1550 200
232 1600 200
233 1650 200
234 1700 200
235 1750 200
236 1800 200
237 1850 200
238 1900 200
239 1950 200
240 2000 200
241 2050 200
242 2100 200
243 2150 200
244 2200 200
245 2250 200
246 2300 200
247 2350 200
248 2400 200
249 2450 200
250 0 250
251 50 250
252 100 250
253 150 250
254 200 250
255 250 250
256 300 250
257 350 250
258 400 250
259 450 250
260 500 250
261 550 250
262 600 250
263 650 250
264 700 250
265 750 250
266 800 250
267 850 250
268 900 250
269 950 250
270 1000 250
271 1050 250
272 1100 250
273 1150 250
274 1200 250
275 1250 250
276 1300 250
277 1350 250
278 1400 250
279 1450 250
280 1500 250
281 1550 250
282 1600 250
283 1650 250
284 1700 250
285 1750 250
286 1800 250
287 1850 250
288 1900 250
289 1950 250
290 2000 250
291 2050 250
292 2100 250
293 2150 250
294 2200 250
295 2250 250
296 2300 250
297 2350 250
298 2400 250
299 2450 250
300 0 300
301 50 300
302 100 300
303 150 300
304 200 300
305 250 300
306 300 300
307 350 300
308 400 300
309 450 300
310 500 300
311 550 300
312 600 300
313 650 300
314 700 300
315 750 300
316 800 300
317 850 300
318 900 300
319 950 300
320 1000 300
321 1050 300
322 1100 300
323 1150 300
324 1200 300
325 1250 300
326 1300 300
327 1350 300
328 1400 300
329 1450 300
330 1500 300
331 1550 300
332 1600 300
333 1650 300
334 1700 300
335 1750 300
336 1800 300
337 1850 300
338 1900 300
339 1950 300
340 2000 300
341 2050 300
342 2100 300
343 2150 300
344 2200 300
345 2250 300
346 2300 300
347 2350 300
348 2400 300
349 2450 300
350 0 350
351 50 350
352 100 350
353 150 350
354 200 350
355 250 350
356 300 350
357 350 350
358 400 350
359 450 350
360 500 350
361 550 350
362 600 350
363 650 350
364 700 350
365 750 350
366 800 350
367 850 350
368 900 350
369 950 350
370 1000 350
371 1050 350
372 1100 350
373 1150 350
374 1200 350
375 1250 350
376 1300 350
377 1350 350
378 1400 350
379 1450 350
380 1500 350
381 1550 350
382 1600 350
383 1650 350
384 1700 350
385 1750 350
386 1800 350
387 1850 350
388 1900 350
389 1950 350
390 2000 350
391 2050 350
392 2100 350
393 2150 350
394 2200 350
395 2250 350
396 2300 350
397 2350 350
398 2400 350
399 2450 350
400 0 400
401 50 400
402 100 400
403 150 400
404 200 400
405 250 400
406 300 400
407 350 400
408 400 400
409 450 400
410 500 400
411 550 400
412 600 400
413 650 400
414 700 400
415 750 400
416 800 400
417 850 400
418 900 400
419 950 400
420 1000 400
421 1050 400
422 1100 400
423 1150 400
424 1200 400
425 1250 400
426 1300 400
427 1350 400
428 1400 400
429 1450 400
430 1500 400
431 1550 400
432 1600 400
433 1650 400
434 1700 400
435 1750 400
436 1800 400
437 1850 400
438 1900 400
439 1950 400
440 2000 400
441 2050 400
442 2100 400
443 2150 400
444 2200 400
445 2250 400
446 2300 400
447 2350 400
448 2400 400
449 2450 400
450 0 450
451 50 450
452 100 450
453 150 450
454 200 450
455 250 450
456 300 450
457 350 450
458 400 450
459 450 450
460 500 450
461 550 450
462 600 450
463 650 450
464 700 450
465 750 450
466 800 450
467 850 450
468 900 450
469 950 450
470 1000 450
471 1050 450
472 1100 450
473 1150 450
474 1200 450
475 1250 450
476 1300 450
477 1350 450
478 1400 450
479 1450 450
480 1500 450
481 1550 450
482 1600 450
483 1650 450
484 1700 450
485 1750 450
486 1800 450
487 1850 450
488 1900 450
489 1950 450
490 2000 450
491 2050 450
492 2100 450
493 2150 450
494 2200 450
495 2250 450
496 2300 450
497 2350 450
498 2400 450
499 2450 450
500 0 500
501 50 500
502 100 500
503 150 500
504 200 500
505 250 500
506 300 500
507 350 500
508 400 500
509 450 500
510 500 500
511 550 500
512 600 500
513 650 500
514 700 500
515 750 500
516 800 500
517 850 500
518 900 500
519 950 500
520 1000 500
521 1050 500
522 1100 500
523 1150 500
524 1200 500
525 1250 500
526 1300 500
527 1350 500
528 1400 500
529 1450 500
530 1500 500
531 1550 500
532 1600 500
533 1650 500
534 1700 500
535 1750 500
536 1800 500
537 1850 500
538 1900 500
539 1950 500
540 2000 500
541 2050 500
542 2100 500
543 2150 500
544 2200 500
545 2250 500
546 2300 500
547 2350 500
548 2400 500
549 2450 500
550 0 550
551 50 550
552 100 550
553 150 550
554 200 550
555 250 550
556 300 550
557 350 550
558 400 550
559 450 550
560 500 550
561 550 550
562 600 550
563 650 550
564 700 550
565 750 550
566 800 550
567 850 550
568 900 550
569 950 550
570 1000 550
571 1050 550
572 1100 550
573 1150 550
574 1200 550
575 1250 550
576 1300 550
577 1350 550
578 1400 550
579 1450 550
580 1500 550
581 1550 550
582 1600 550
583 1650 550
584 1700 550
585 1750 550
586 1800 550
587 1850 550
588 1900 550
589 1950 550
590 2000 550
591 2050 550
592 2100 550
593 2150 550
594 2200 550
595 2250 550
596 2300 550
597 2350 550
598 2400 550
599 2450 550
600 0 600
601 50 600
602 100 600
603 150 600
604 200 600
605 250 600
606 300 600
607 350 600
608 400 600
609 450 600
610 500 600
611 550 600
612 600 600
613 650 600
614 700 600
615 750 600
616 800 600
617 850 600
618 900 600
619 950 600
620 1000 600
621 1050 600
622 1100 600
623 1150 600
624 1200 600
625 1250 600
626 1300 600
627 1350 600
628 1400 600
629 1450 600
630 1500 600
631 1550 600
632 1600 600
633 1650 600
634 1700 600
635 1750 600
636 1800 600
637 1850 600
638 1900 600
639 1950 600
640 2000 600
641 2050 600
642 2100 600
643 2150 600
644 2200 600
645 2250 600
646 2300 600
647 2350 600
648 2400 600
649 2450 600
650 0 650
651 50 650
652 100 650
653 150 650
654 200 650
655 250 650
656 300 650
657 350 650
658 400 650
659 450 650
660 500 650
661 550 650
662 600 650
663 650 650
664 700 650
665 750 650
666 800 650
667 850 650
668 900 650
669 950 650
670 1000 650
671 1050 650
672 1100 650
673 1150 650
674 1200 650
675 1250 650
676 1300 650
677 1350 650
678 1400 650
679 1450 650
680 1500 650
681 1550 650
682 1600 650
683 1650 650
684 1700 650
685 1750 650
686 1800 650
687 1850 650
688 1900 650
689 1950 650
690 2000 650
691 2050 650
692 2100 650
693 2150 650
694 2200 650
695 2250 650
696 2300 650
697 2350 650
698 2400 650
699 2450 650
700 0 700
701 50 700
702 100 700
703 150 700
704 200 700
705 250 700
706 300 700
707 350 700
708 400 700
709 450 700
710 500 700
711 550 700
712 600 700
713 650 700
714 700 700
715 750 700
716 800 700
717 850 700
718 900 700
719 950 700
720 1000 700
721 1050 700
722 1100 700
723 1150 700
724 1200 700
725 1250 700
726 1300 700
727 1350 700
728 1400 700
729 1450 700
730 1500 700
731 1550 700
732 1600 700
733 1650 700
734 1700 700
735 1750 700
736 1800 700
737 1850 700
738 1900 700
739 1950 700
740 2000 700
741 2050 700
742 2100 700
743 2150 700
744 2200 700
745 2250 700
746 2300 700
747 2350 700
748 2400 700
749 2450 700
750 0 750
751 50 750
752 100 750
753 150 750
754 200 750
755 250 750
756 300 750
757 350 750
758 400 750
759 450 750
760 500 750
761 550 750
762 600 750
763 650 750
764 700 750
765 750 750
766 800 750
767 850 750
768 900 750
769 950 750
770 1000 750
771 1050 750
772 1100 750
773 1150 750
774 1200 750
775 1250 750
776 1300 750
777 1350 750
778 1400 750
779 1450 750
780 1500 750
781 1550 750
782 1600 750
783 1650 750
784 1700 750
785 1750 750
786 1800 750
787 1850 750
788 1900 750
789 1950 750
790 2000 750
791 2050 750
792 2100 750
793 2150 750
794 2200 750
795 2250 750
796 2300 750
797 2350 750
798 2400 750
799 2450 750
800 0 800
801 50 800
802 100 800
803 150 800
804 200 800
805 250 800
806 300 800
807 350 800
808 400 800
809 450 800
810 500 800
811 550 800
812 600 800
813 650 800
814 700 800
815 750 800
816 800 800
817 850 800
818 900 800
819 950 800
820 1000 800
821 1050 800
822 1100 800
823 1150 800
824 1200 800
825 1250 800
826 1300 800
827 1350 800
828 1400 800
829 1450 800
830 1500 800
831 1550 800
832 1600 800
833 1650 800
834 1700 800
835 1750 800
836 1800 800
837 1850 800
838 1900 800
839 1950 800
840 2000 800
841 2050 800
842 2100 800
843 2150 800
844 2200 800
845 2250 800
846 2300 800
847 2350 800
848 2400 800
849 2450 800
850 0 850
851 50 850
852 100 850
853 150 850
854 200 850
855 250 850
856 300 850
857 350 850
858 400 850
859 450 850
860 500 850
861 550 850
862 600 850
863 650 850
864 700 850
865 750 850
866 800 850
867 850 850
868 900 850
869 950 850
870 1000 850
871 1050 850
872 1100 850
873 1150 850
874 1200 850
875 1250 850
876 1300 850
877 1350 850
878 1400 850
879 1450 850
880 1500 850
881 1550 850
882 1600 850
883 1650 850
884 1700 850
885 1750 850
886 1800 850
887 1850 850
888 1900 850
889 1950 850
890 2000 850
891 2050 850
892 2100 850
893 2150 850
894 2200 850
895 2250 850
896 2300 850
897 2350 850
898 2400 850
899 2450 850
900 0 900
901 50 900
902 100 900
903 150 900
904 200 900
905 250 900
906 300 900
907 350 900
908 400 900
909 450 900
910 500 900
911 550 900
912 600 900
913 650 900
914 700 900
915 750 900
916 800 900
917 850 900
918 900 900
919 950 900
920 1000 900
921 1050 900
922 1100 900
923 1150 900
924 1200 900
925 1250 900
926 1300 900
927 1350 900
928 1400 900
929 1450 900
930 1500 900
931 1550 900
932 1600 900
933 1650 900
934 1700 900
935 1750 900
936 1800 900
937 1850 900
938 1900 900
939 1950 900
940 2000 900
941 2050 900
942 2100 900
943 2150 900
944 2200 900
945 2250 900
946 2300 900
947 2350 900
948 2400 900
949 2450 900
950 0 950
951 50 950
952 100 950
953 150 950
954 200 950
955 250 950
956 300 950
957 350 950
958 400 950
959 450 950
960 500 950
961 550 950
962 600 950
963 650 950
964 700 950
965 750 950
966 800 950
967 850 950
968 900 950
969 950 950
970 1000 950
971 1050 950
972 1100 950
973 1150 950
974 1200 950
975 1250 950
976 1300 950
977 1350 950
978 1400 950
979 1450 950
980 1500 950
981 1550 950
982 1600 950
983 1650 950
984 1700 950
985 1750 950
986 1800 950
987 1850 950
988 1900 950
989 1950 950
990 2000 950
991 2050 950
992 2100 950
993 2150 950
994 2200 950
995 2250 950
996 2300 950
997 2350 950
998 2400 950
999 2450 950
1000 0 1000
1001 50 1000
1002 100 1000
1003 150 1000
1004 200 1000
1005 250 1000
1006 300 1000
1007 350 1000
1008 400 1000
1009 450 1000
1010 500 1000
1011 550 1000
1012 600 1000
1013 650 1000
1014 700 1000
1015 750 1000
1016 800 1000
1017 850 1000
1018 900 1000
1019 950 1000
1020 1000 1000
1021 1050 1000
1022 1100 1000
1023 1150 1000
1024 1200 1000
1025 1250 1000
1026 1300 1000
1027 1350 1000
1028 1400 1000
1029 1450 1000
1030 1500 1000
1031 1550 1000
1032 1600 1000
1033 1650 1000
1034 1700 1000
1035 1750 1000
1036 1800 1000
1037 1850 1000
1038 1900 1000
1039 1950 1000
1040 2000 1000
1041 2050 1000
1042 2100 1000
1043 2150 1000
1044 2200 1000
1045 2250 1000
1046 2300 1000
1047 2350 1000
1048 2400 1000
1049 2450 1000
1050 0 1050
1051 50 1050
1052 100 1050
1053 150 1050
1054 200 1050
1055 250 1050
1056 300 1050
1057 350 1050
1058 400 1050
1059 450 1050
1060 500 1050
1061 550 1050
1062 600 1050
1063 650 1050
1064 700 1050
1065 750 1050
1066 800 1050
1067 850 1050
1068 900 1050
1069 950 1050
1070 1000 1050
1071 1050 1050
1072 1100 1050
1073 1150 1050
1074 1200 1050
1075 1250 1050
1076 1300 1050
1077 1350 1050
1078 1400 1050
1079 1450 1050
1080 1500 1050
1081 1550 1050
1082 1600 1050
1083 1650 1050
1084 1700 1050
1085 1750 1050
1086 1800 1050
1087 1850 1050
1088 1900 1050
1089 1950 1050
1090 2000 1050
1091 2050 1050
1092 2100 1050
1093 2150 1050
1094 2200 1050
1095 2250 1050
1096 2300 1050
1097 2350 1050
1098 2400 1050
1099 2450 1050
1100 0 1100
1101 50 1100
1102 100 1100
1103 150 1100
1104 200 1100
1105 250 1100
1106 300 1100
1107 350 1100
1108 400 1100
1109 450 1100
1110 500 1100
1111 550 1100
1112 600 1100
1113 650 1100
1114 700 1100
1115 750 1100
1116 800 1100
1117 850 1100
1118 900 1100
1119 950 1100
1120 1000 1100
1121 1050 1100
1122 1100 1100
1123 1150 1100
1124 1200 1100
1125 1250 1100
1126 1300 1100
1127 1350 1100
1128 1400 1100
1129 1450 1100
1130 1500 1100
1131 1550 1100
1132 1600 1100
1133 1650 1100
1134 1700 1100
1135 1750 1100
1136 1800 1100
1137 1850 1100
1138 1900 1100
1139 1950 1100
1140 2000 1100
1141 2050 1100
1142 2100 1100
1143 2150 1100
1144 2200 1100
1145 2250 1100
1146 2300 1100
1147 2350 1100
1148 2400 1100
1149 2450 1100
1150 0 1150
1151 50 1150
1152 100 1150
1153 150 1150
1154 200 1150
1155 250 1150
1156 300 1150
1157 350 1150
1158 400 1150
1159 450 1150
1160 500 1150
1161 550 1150
1162 600 1150
1163 650 1150
1164 700 1150
1165 750 1150
1166 800 1150
1167 850 1150
1168 900 1150
1169 950 1150
1170 1000 1150
1171 1050 1150
1172 1100 1150
1173 1150 1150
1174 1200 1150
1175 1250 1150
1176 1300 1150
1177 1350 1150
1178 1400 1150
1179 1450 1150
1180 1500 1150
1181 1550 1150
1182 1600 1150
1183 1650 1150
1184 1700 1150
1185 1750 1150
1186 1800 1150
1187 1850 1150
1188 1900 1150
1189 1950 1150
1190 2000 1150
1191 2050 1150
1192 2100 1150
1193 2150 1150
1194 2200 1150
1195 2250 1150
1196 2300 1150
1197 2350 1150
1198 2400 1150
1199 2450 1150
1200 0 1200
1201 50 1200
1202 100 1200
1203 150 1200
1204 200 1200
1205 250 1200
1206 300 1200
1207 350 1200
1208 400 1200
1209 450 1200
1210 500 1200
1211 550 1200
1212 600 1200
1213 650 1200
1214 700 1200
1215 750 1200
1216 800 1200
1217 850 1200
1218 900 1200
1219 950 1200
1220 1000 1200
1221 1050 1200
1222 1100 1200
1223 1150 1200
1224 1200 1200
1225 1250 1200
1226 1300 1200
1227 1350 1200
1228 1400 1200
1229 1450 1200
1230 1500 1200
1231 1550 1200
1232 1600 1200
1233 1650 1200
1234 1700 1200
1235 1750 1200
1236 1800 1200
1237 1850 1200
1238 1900 1200
1239 1950 1200
1240 2000 1200
1241 2050 1200
1242 2100 1200
1243 2150 1200
1244 2200 1200
1245 2250 1200
1246 2300 1200
1247 2350 1200
1248 2400 1200
1249 2450 1200
1250 0 1250
1251 50 1250
1252 100 1250
1253 150 1250
1254 200 1250
1255 250 1250
1256 300 1250
1257 350 1250
1258 400 1250
1259 450 1250
1260 500 1250
1261 550 1250
1262 600 1250
1263 650 1250
1264 700 1250
1265 750 1250
1266 800 1250
1267 850 1250
1268 900 1250
1269 950 1250
1270 1000 1250
1271 1050 1250
1272 1100 1250
1273 1150 1250
1274 1200 1250
1275 1250 1250
1276 1300 1250
1277 1350 1250
1278 1400 1250
1279 1450 1250
1280 1500 1250
1281 1550 1250
1282 1600 1250
1283 1650 1250
1284 1700 1250
1285 1750 1250
1286 1800 1250
1287 1850 1250
1288 1900 1250
1289 1950 1250
1290 2000 1250
1291 2050 1250
1292 2100 1250
1293 2150 1250
1294 2200 1250
1295 2250 1250
1296 2300 1250
1297 2350 1250
1298 2400 1250
1299 2450 1250
1300 0 1300
1301 50 1300
1302 100 1300
1303 150 1300
1304 200 1300
1305 250 1300
1306 300 1300
1307 350 1300
1308 400 1300
1309 450 1300
1310 500 1300
1311 550 1300
1312 600 1300
1313 650 1300
1314 700 1300
1315 750 1300
1316 800 1300
1317 850 1300
1318 900 1300
1319 950 1300
1320 1000 1300
1321 1050 1300
1322 1100 1300
1323 1150 1300
1324 1200 1300
1325 1250 1300
1326 1300 1300
1327 1350 1300
1328 1400 1300
1329 1450 1300
1330 1500 1300
1331 1550 1300
1332 1600 1300
1333 1650 1300
1334 1700 1300
1335 1750 1300
1336 1800 1300
1337 1850 1300
1338 1900 1300
1339 1950 1300
1340 2000 1300
1341 2050 1300
1342 2100 1300
1343 2150 1300
1344 2200 1300
1345 2250 1300
1346 2300 1300
1347 2350 1300
1348 2400 1300
1349 2450 1300
1350 0 1350
1351 50 1350
1352 100 1350
1353 150 1350
1354 200 1350
1355 250 1350
1356 300 1350
1357 350 1350
1358 400 1350
1359 450 1350
1360 500 1350
1361 550 1350
1362 600 1350
1363 650 1350
1364 700 1350
1365 750 1350
1366 800 1350
1367 850 1350
1368 900 1350
1369 950 1350
1370 1000 1350
1371 1050 1350
1372 1100 1350
1373 1150 1350
1374 1200 1350
1375 1250 1350
1376 1300 1350
1377 1350 1350
1378 1400 1350
1379 1450 1350
1380 1500 1350
1381 1550 1350
1382 1600 1350
1383 1650 1350
1384 1700 1350
1385 1750 1350
1386 1800 1350
1387 1850 1350
1388 1900 1350
1389 1950 1350
1390 2000 1350
1391 2050 1350
1392 2100 1350
1393 2150 1350
1394 2200 1350
1395 2250 1350
1396 2300 1350
1397 2350 1350
1398 2400 1350
1399 2450 1350
1400 0 1400
1401 50 1400
1402 100 1400
1403 150 1400
1404 200 1400
1405 250 1400
1406 300 1400
1407 350 1400
1408 400 1400
1409 450 1400
1410 500 1400
1411 550 1400
1412 600 1400
1413 650 1400
1414 700 1400
1415 750 1400
1416 800 1400
1417 850 1400
1418 900 1400
1419 950 1400
1420 1000 1400
1421 1050 1400
1422 1100 1400
1423 1150 1400
1424 1200 1400
1425 1250 1400
1426 1300 1400
1427 1350 1400
1428 1400 1400
1429 1450 1400
1430 1500 1400
1431 1550 1400
1432 1600 1400
1433 1650 1400
1434 1700 1400
1435 1750 1400
1436 1800 1400
1437 1850 1400
1438 1900 1400
1439 1950 1400
1440 2000 1400
1441 2050 1400
1442 2100 1400
1443 2150 1400
1444 2200 1400
1445 2250 1400
1446 2300 1400
1447 2350 1400
1448 2400 1400
1449 2450 1400
1450 0 1450
1451 50 1450
1452 100 1450
1453 150 1450
1454 200 1450
1455 250 1450
1456 300 1450
1457 350 1450
1458 400 1450
1459 450 1450
1460 500 1450
1461 550 1450
1462 600 1450
1463 650 1450
1464 700 1450
1465 750 1450
1466 800 1450
1467 850 1450
1468 900 1450
1469 950 1450
1470 1000 1450
1471 1050 1450
1472 1100 1450
1473 1150 1450
1474 1200 1450
1475 1250 1450
1476 1300 1450
1477 1350 1450
1478 1400 1450
1479 1450 1450
1480 1500 1450
1481 1550 1450
1482 1600 1450
1483 1650 1450
1484 1700 1450
1485 1750 1450
1486 1800 1450
1487 1850 1450
1488 1900 1450
1489 1950 1450
1490 2000 1450
1491 2050 1450
1492 2100 1450
1493 2150 1450
1494 2200 1450
1495 2250 1450
1496 2300 1450
1497 2350 1450
1498 2400 1450
1499 2450 1450
1500 0 1500
1501 50 1500
1502 100 1500
1503 150 1500
1504 200 1500
1505 250 1500
1506 300 1500
1507 350 1500
1508 400 1500
1509 450 1500
1510 500 1500
1511 550 1500
1512 600 1500
1513 650 1500
1514 700 1500
1515 750 1500
1516 800 1500
1517 850 1500
1518 900 1500
1519 950 1500
1520 1000 1500
1521 1050 1500
1522 1100 1500
1523 1150 1500
1524 1200 1500
1525 1250 1500
1526 1300 1500
1527 1350 1500
1528 1400 1500
1529 1450 1500
1530 1500 1500
1531 1550 1500
1532 1600 1500
1533 1650 1500
1534 1700 1500
1535 1750 1500
1536 1800 1500
1537 1850 1500
1538 1900 1500
1539 1950 1500
1540 2000 1500
1541 2050 1500
1542 2100 1500
1543 2150 1500
1544 2200 1500
1545 2250 1500
1546 2300 1500
1547 2350 1500
1548 2400 1500
1549 2450 1500
1550 0 1550
1551 50 1550
1552 100 1550
1553 150 1550
1554 200 1550
1555 250 1550
1556 300 1550
1557 350 1550
1558 400 1550
1559 450 1550
1560 500 1550
1561 550 1550
1562 600 1550
1563 650 1550
1564 700 1550
1565 750 1550
1566 800 1550
1567 850 1550
1568 900 1550
1569 950 1550
1570 1000 1550
1571 1050 1550
1572 1100 1550
1573 1150 1550
1574 1200 1550
1575 1250 1550
1576 1300 1550
1577 1350 1550
1578 1400 1550
1579 1450 1550
1580 1500 1550
1581 1550 1550
1582 1600 1550
1583 1650 1550
1584 1700 1550
1585 1750 1550
1586 1800 1550
1587 1850 1550
1588 1900 1550
1589 1950 1550
1590 2000 1550
1591 2050 1550
1592 2100 1550
1593 2150 1550
1594 2200 1550
1595 2250 1550
1596 2300 1550
1597 2350 1550
1598 2400 1550
1599 2450 1550
1600 0 1600
1601 50 1600
1602 100 1600
1603 150 1600
1604 200 1600
1605 250 1600
1606 300 1600
1607 350 1600
1608 400 1600
1609 450 1600
1610 500 1600
1611 550 1600
1612 600 1600
1613 650 1600
1614 700 1600
1615 750 1600
1616 800 1600
1617 850 1600
1618 900 1600
1619 950 1600
1620 1000 1600
1621 1050 1600
1622 1100 1600
1623 1150 1600
1624 1200 1600
1625 1250 1600
1626 1300 1600
1627 1350 1600
1628 1400 1600
1629 1450 1600
1630 1500 1600
1631 1550 1600
1632 1600 1600
1633 1650 1600
1634 1700 1600
1635 1750 1600
1636 1800 1600
1637 1850 1600
1638 1900 1600
1639 1950 1600
1640 2000 1600
1641 2050 1600
1642 2100 1600
1643 2150 1600
1644 2200 1600
1645 2250 1600
1646 2300 1600
1647 2350 1600
1648 2400 1600
1649 2450 1600
1650 0 1650
1651 50 1650
1652 100 1650
1653 150 1650
1654 200 1650
1655 250 1650
1656 300 1650
1657 350 1650
1658 400 1650
1659 450 1650
1660 500 1650
1661 550 1650
1662 600 1650
1663 650 1650
1664 700 1650
1665 750 1650
1666 800 1650
1667 850 1650
1668 900 1650
1669 950 1650
1670 1000 1650
1671 1050 1650
1672 1100 1650
1673 1150 1650
1674 1200 1650
1675 1250 1650
1676 1300 1650
1677 1350 1650
1678 1400 1650
1679 1450 1650
1680 1500 1650
1681 1550 1650
1682 1600 1650
1683 1650 1650
1684 1700 1650
1685 1750 1650
1686 1800 1650
1687 1850 1650
1688 1900 1650
1689 1950 1650
1690 2000 1650
1691 2050 1650
1692 2100 1650
1693 2150 1650
1694 2200 1650
1695 2250 1650
1696 2300 1650
1697 2350 1650
1698 2400 1650
1699 2450 1650
1700 0 1700
1701 50 1700
1702 100 1700
1703 150 1700
1704 200 1700
1705 250 1700
1706 300 1700
1707 350 1700
1708 400 1700
1709 450 1700
1710 500 1700
1711 550 1700
1712 600 1700
1713 650 1700
1714 700 1700
1715 750 1700
1716 800 1700
1717 850 1700
1718 900 1700
1719 950 1700
1720 1000 1700
1721 1050 1700
1722 1100 1700
1723 1150 1700
1724 1200 1700
1725 1250 1700
1726 1300 1700
1727 1350 1700
1728 1400 1700
1729 1450 1700
1730 1500 1700
1731 1550 1700
1732 1600 1700
1733 1650 1700
1734 1700 1700
1735 1750 1700
1736 1800 1700
1737 1850 1700
1738 1900 1700
1739 1950 1700
1740 2000 1700
1741 2050 1700
1742 2100 1700
1743 2150 1700
1744 2200 1700
1745 2250 1700
1746 2300 1700
1747 2350 1700
1748 2400 1700
1749 2450 1700
1750 0 1750
1751 50 1750
1752 100 1750
1753 150 1750
1754 200 1750
1755 250 1750
1756 300 1750
1757 350 1750
1758 400 1750
1759 450 1750
1760 500 1750
1761 550 1750
1762 600 1750
1763 650 1750
1764 700 1750
1765 750 1750
1766 800 1750
1767 850 1750
1768 900 1750
1769 950 1750
1770 1000 1750
1771 1050 1750
1772 1100 1750
1773 1150 1750
1774 1200 1750
1775 1250 1750
1776 1300 1750
1777 1350 1750
1778 1400 1750
1779 1450 1750
1780 1500 1750
1781 1550 1750
1782 1600 1750
1783 1650 1750
1784 1700 1750
1785 1750 1750
1786 1800 1750
1787 1850 1750
1788 1900 1750
1789 1950 1750
1790 2000 1750
1791 2050 1750
1792 2100 1750
1793 2150 1750
1794 2200 1750
1795 2250 1750
1796 2300 1750
1797 2350 1750
1798 2400 1750
1799 2450 1750
1800 0 1800
1801 50 1800
1802 100 1800
1803 150 1800
1804 200 1800
1805 250 1800
1806 300 1800
1807 350 1800
1808 400 1800
1809 450 1800
1810 500 1800
1811 550 1800
1812 600 1800
1813 650 1800
1814 700 1800
1815 750 1800
1816 800 1800
1817 850 1800
1818 900 1800
1819 950 1800
1820 1000 1800
1821 1050 1800
1822 1100 1800
1823 1150 1800
1824 1200 1800
1825 1250 1800
1826 1300 1800
1827 1350 1800
1828 1400 1800
1829 1450 1800
1830 1500 1800
1831 1550 1800
1832 1600 1800
1833 1650 1800
1834 1700 1800
1835 1750 1800
1836 1800 1800
1837 1850 1800
1838 1900 1800
1839 1950 1800
1840 2000 1800
1841 2050 1800
1842 2100 1800
1843 2150 1800
1844 2200 1800
1845 2250 1800
1846 2300 1800
1847 2350 1800
1848 2400 1800
1849 2450 1800
1850 0 1850
1851 50 1850
1852 100 1850
1853 150 1850
1854 200 1850
1855 250 1850
1856 300 1850
1857 350 1850
1858 400 1850
1859 450 1850
1860 500 1850
1861 550 1850
1862 600 1850
1863 650 1850
1864 700 1850
1865 750 1850
1866 800 1850
1867 850 1850
1868 900 1850
1869 950 1850
1870 1000 1850
1871 1050 1850
1872 1100 1850
1873 1150 1850
1874 1200 1850
1875 1250 1850
1876 1300 1850
1877 1350 1850
1878 1400 1850
1879 1450 1850
1880 1500 1850
1881 1550 1850
1882 1600 1850
1883 1650 1850
1884 1700 1850
1885 1750 1850
1886 1800 1850
1887 1850 1850
1888 1900 1850
1889 1950 1850
1890 2000 1850
1891 2050 1850
1892 2100 1850
1893 2150 1850
1894 2200 1850
1895 2250 1850
1896 2300 1850
1897 2350 1850
1898 2400 1850
1899 2450 1850
1900 0 1900
1901 50 1900
1902 100 1900
1903 150 1900
1904 200 1900
1905 250 1900
1906 300 1900
1907 350 1900
1908 400 1900
1909 450 1900
1910 500 1900
1911 550 1900
1912 600 1900
1913 650 1900
1914 700 1900
1915 750 1900
1916 800 1900
1917 850 1900
1918 900 1900
1919 950 1900
1920 1000 1900
1921 1050 1900
1922 1100 1900
1923 1150 1900
1924 1200 1900
1925 1250 1900
1926 1300 1900
1927 1350 1900
1928 1400 1900
1929 1450 1900
1930 1500 1900
1931 1550 1900
1932 1600 1900
1933 1650 1900
1934 1700 1900
1935 1750 1900
1936 1800 1900
1937 1850 1900
1938 1900 1900
1939 1950 1900
1940 2000 1900
1941 2050 1900
1942 2100 1900
1943 2150 1900
1944 2200 1900
1945 2250 1900
1946 2300 1900
1947 2350 1900
1948 2400 1900
1949 2450 1900
1950 0 1950
1951 50 1950
1952 100 1950
1953 150 1950
1954 200 1950
1955 250 1950
1956 300 1950
1957 350 1950
1958 400 1950
1959 450 1950
1960 500 1950
1961 550 1950
1962 600 1950
1963 650 1950
1964 700 1950
1965 750 1950
1966 800 1950
1967 850 1950
1968 900 1950
1969 950 1950
1970 1000 1950
1971 1050 1950
1972 1100 1950
1973 1150 1950
1974 1200 1950
1975 1250 1950
1976 1300 1950
1977 1350 1950
1978 1400 1950
1979 1450 1950
1980 1500 1950
1981 1550 1950
1982 1600 1950
1983 1650 1950
1984 1700 1950
1985 1750 1950
1986 1800 1950
1987 1850 1950
1988 1900 1950
1989 1950 1950
1990 2000 1950
1991 2050 1950
1992 2100 1950
1993 2150 1950
1994 2200 1950
1995 2250 1950
1996 2300 1950
1997 2350 1950
1998 2400 1950
1999 2450 1950
2000 0 2000
2001 50 2000
2002 100 2000
2003 150 2000
2004 200 2000
2005 250 2000
2006 300 2000
2007 350 2000
2008 400 2000
2009 450 2000
2010 500 2000
2011 550 2000
2012 600 2000
2013 650 2000
2014 700 2000
2015 750 2000
2016 800 2000
2017 850 2000
2018 900 2000
2019 950 2000
2020 1000 2000
2021 1050 2000
2022 1100 2000
2023 1150 2000
2024 1200 2000
2025 1250 2000
2026 1300 2000
2027 1350 2000
2028 1400 2000
2029 1450 2000
2030 1500 2000
2031 1550 2000
2032 1600 2000
2033 1650 2000
2034 1700 2000
2035 1750 2000
2036 1800 2000
2037 1850 2000
2038 1900 2000
2039 1950 2000
2040 2000 2000
2041 2050 2000
2042 2100 2000
2043 2150 2000
2044 2200 2000
2045 2250 2000
2046 2300 2000
2047 2350 2000
2048 2400 2000
2049 2450 2000
2050 0 2050
2051 50 2050
2052 100 2050
2053 150 2050
2054 200 2050
2055 250 2050
2056 300 2050
2057 350 2050
2058 400 2050
2059 450 2050
2060 500 2050
2061 550 2050
2062 600 2050
2063 650 2050
2064 700 2050
2065 750 2050
2066 800 2050
2067 850 2050
2068 900 2050
2069 950 2050
2070 1000 2050
2071 1050 2050
2072 1100 2050
2073 1150 2050
2074 1200 2050
2075 1250 2050
2076 1300 2050
2077 1350 2050
2078 1400 2050
2079 1450 2050
2080 1500 2050
2081 1550 2050
2082 1600 2050
2083 1650 2050
2084 1700 2050
2085 1750 2050
2086 1800 2050
2087 1850 2050
2088 1900 2050
2089 1950 2050
2090 2000 2050
2091 2050 2050
2092 2100 2050
2093 2150 2050
2094 2200 2050
2095 2250 2050
2096 2300 2050
2097 2350 2050
2098 2400 2050
2099 2450 2050
2100 0 2100
2101 50 2100
2102 100 2100
2103 150 2100
2104 200 2100
2105 250 2100
2106 300 2100
2107 350 2100
2108 400 2100
2109 450 2100
2110 500 2100
2111 550 2100
2112 600 2100
2113 650 2100
2114 700 2100
2115 750 2100
2116 800 2100
2117 850 2100
2118 900 2100
2119 950 2100
2120 1000 2100
2121 1050 2100
2122 1100 2100
2123 1150 2100
2124 1200 2100
2125 1250 2100
2126 1300 2100
2127 1350 2100
2128 1400 2100
2129 1450 2100
2130 1500 2100
2131 1550 2100
2132 1600 2100
2133 1650 2100
2134 1700 2100
2135 1750 2100
2136 1800 2100
2137 1850 2100
2138 1900 2100
2139 1950 2100
2140 2000 2100
2141 2050 2100
2142 2100 2100
2143 2150 2100
2144 2200 2100
2145 2250 2100
2146 2300 2100
2147 2350 2100
2148 2400 2100
2149 2450 2100
2150 0 2150
2151 50 2150
2152 100 2150
2153 150 2150
2154 200 2150
2155 250 2150
2156 300 2150
2157 350 2150
2158 400 2150
2159 450 2150
2160 500 2150
2161 550 2150
2162 600 2150
2163 650 2150
2164 700 2150
2165 750 2150
2166 800 2150
2167 850 2150
2168 900 2150
2169 950 2150
2170 1000 2150
2171 1050 2150
2172 1100 2150
2173 1150 2150
2174 1200 2150
2175 1250 2150
2176 1300 2150
2177 1350 2150
2178 1400 2150
2179 1450 2150
2180 1500 2150
2181 1550 2150
2182 1600 2150
2183 1650 2150
2184 1700 2150
2185 1750 2150
2186 1800 2150
2187 1850 2150
2188 1900 2150
2189 1950 2150
2190 2000 2150
2191 2050 2150
2192 2100 2150
2193 2150 2150
2194 2200 2150
2195 2250 2150
2196 2300 2150
2197 2350 2150
2198 2400 2150
2199 2450 2150
2200 0 2200
2201 50 2200
2202 100 2200
2203 150 2200
2204 200 2200
2205 250 2200
2206 300 2200
2207 350 2200
2208 400 2200
2209 450 2200
2210 500 2200
2211 550 2200
2212 600 2200
2213 650 2200
2214 700 2200
2215 750 2200
2216 800 2200
2217 850 2200
2218 900 2200
2219 950 2200
2220 1000 2200
2221 1050 2200
2222 1100 2200
2223 1150 2200
2224 1200 2200
2225 1250 2200
2226 1300 2200
2227 1350 2200
2228 1400 2200
2229 1450 2200
2230 1500 2200
2231 1550 2200
2232 1600 2200
2233 1650 2200
2234 1700 2200
2235 1750 2200
2236 1800 2200
2237 1850 2200
2238 1900 2200
2239 1950 2200
2240 2000 2200
2241 2050 2200
2242 2100 2200
2243 2150 2200
2244 2200 2200
2245 2250 2200
2246 2300 2200
2247 2350 2200
2248 2400 2200
2249 2450 2200
2250 0 2250
2251 50 2250
2252 100 2250
2253 150 2250
2254 200 2250
2255 250 2250
2256 300 2250
2257 350 2250
2258 400 2250
2259 450 2250
2260 500 2250
2261 550 2250
2262 600 2250
2263 650 2250
2264 700 2250
2265 750 2250
2266 800 2250
2267 850 2250
2268 900 2250
2269 950 2250
2270 1000 2250
2271 1050 2250
2272 1100 2250
2273 1150 2250
2274 1200 2250
2275 1250 2250
2276 1300 2250
2277 1350 2250
2278 1400 2250
2279 1450 2250
2280 1500 2250
2281 1550 2250
2282 1600 2250
2283 1650 2250
2284 1700 2250
2285 1750 2250
2286 1800 2250
2287 1850 2250
2288 1900 2250
2289 1950 2250
2290 2000 2250
2291 2050 2250
2292 2100 2250
2293 2150 2250
2294 2200 2250
2295 2250 2250
2296 2300 2250
2297 2350 2250
2298 2400 2250
2299 2450 2250
2300 0 2300
2301 50 2300
2302 100 2300
2303 150 2300
2304 200 2300
2305 250 2300
2306 300 2300
2307 350 2300
2308 400 2300
2309 450 2300
2310 500 2300
2311 550 2300
2312 600 2300
2313 650 2300
2314 700 2300
2315 750 2300
2316 800 2300
2317 850 2300
2318 900 2300
2319 950 2300
2320 1000 2300
2321 1050 2300
2322 1100 2300
2323 1150 2300
2324 1200 2300
2325 1250 2300
2326 1300 2300
2327 1350 2300
2328 1400 2300
2329 1450 2300
2330 1500 2300
2331 1550 2300
2332 1600 2300
2333 1650 2300
2334 1700 2300
2335 1750 2300
2336 1800 2300
2337 1850 2300
2338 1900 2300
2339 1950 2300
2340 2000 2300
2341 2050 2300
2342 2100 2300
2343 2150 2300
2344 2200 2300
2345 2250 2300
2346 2300 2300
2347 2350 2300
2348 2400 2300
2349 2450 2300
2350 0 2350
2351 50 2350
2352 100 2350
2353 150 2350
2354 200 2350
2355 250 2350
2356 300 2350
2357 350 2350
2358 400 2350
2359 450 2350
2360 500 2350
2361 550 2350
2362 600 2350
2363 650 2350
2364 700 2350
2365 750 2350
2366 800 2350
2367 850 2350
2368 900 2350
2369 950 2350
2370 1000 2350
2371 1050 2350
2372 1100 2350
2373 1150 2350
2374 1200 2350
2375 1250 2350
2376 1300 2350
2377 1350 2350
2378 1400 2350
2379 1450 2350
2380 1500 2350
2381 1550 2350
2382 1600 2350
2383 1650 2350
2384 1700 2350
2385 1750 2350
2386 1800 2350
2387 1850 2350
2388 1900 2350
2389 1950 2350
2390 2000 2350
2391 2050 2350
2392 2100 2350
2393 2150 2350
2394 2200 2350
2395 2250 2350
2396 2300 2350
2397 2350 2350
2398 2400 2350
2399 2450 2350
2400 0 2400
2401 50 2400
2402 100 2400
2403 150 2400
2404 200 2400
2405 250 2400
2406 300 2400
2407 350 2400
2408 400 2400
2409 450 2400
2410 500 2400
2411 550 2400
2412 600 2400
2413 650 2400
2414 700 2400
2415 750 2400
2416 800 2400
2417 850 2400
2418 900 2400
2419 950 2400
2420 1000 2400
2421 1050 2400
2422 1100 2400
2423 1150 2400
2424 1200 2400
2425 1250 2400
2426 1300 2400
2427 1350 2400
2428 1400 2400
2429 1450 2400
2430 1500 2400
2431 1550 2400
2432 1600 2400
2433 1650 2400
2434 1700 2400
2435 1750 2400
2436 1800 2400
2437 1850 2400
2438 1900 2400
2439 1950 2400
2440 2000 2400
2441 2050 2400
2442 2100 2400
2443 2150 2400
2444 2200 2400
2445 2250 2400
2446 2300 2400
2447 2350 2400
2448 2400 2400
2449 2450 2400
2450 0 2450
2451 50 2450
2452 100 2450
2453 150 2450
2454 200 2450
2455 250 2450
2456 300 2450
2457 350 2450
2458 400 2450
2459 450 2450
2460 500 2450
2461 550 2450
2462 600 2450
2463 650 2450
2464 700 2450
2465 750 2450
2466 800 2450
2467 850 2450
2468 900 2450
2469 950 2450
2470 1000 2450
2471 1050 2450
2472 1100 2450
2473 1150 2450
2474 1200 2450
2475 1250 2450
2476 1300 2450
2477 1350 2450
2478 1400 2450
2479 1450 2450
2480 1500 2450
2481 1550 2450
2482 1600 2450
2483 1650 2450
2484 1700 2450
2485 1750 2450
2486 1800 2450
2487 1850 2450
2488 1900 2450
2489 1950 2450
2490 2000 2450
2491 2050 2450
2492 2100 2450
2493 2150 2450
2494 2200 2450
2495 2250 2450
2496 2300 2450
2497 2350 2450
2498 2400 2450
2499 2450 2450
